1.00 3 4 4096 2
2.00 1 2 4096 2
3.00 3 2 4096 2
3.50 3 1 1024 1
3.60 0 3 512 0
4.10 1 0 1024 1
5.10 0 3 4096 2
6.10 4 0 4096 2
6.20 3 2 512 0
7.20 4 0 4096 2
7.70 2 0 1024 1
8.70 4 3 4096 2
9.20 3 2 1024 1
9.70 1 3 1024 1
10.70 2 3 4096 2
10.80 4 1 512 0
11.80 1 4 4096 2
11.90 1 3 512 0
12.90 1 2 4096 2
13.40 1 3 1024 1
14.40 3 4 4096 2
15.40 1 0 4096 2
16.40 1 0 4096 2
16.90 2 1 1024 1
17.00 4 0 512 0
18.00 2 3 4096 2
19.00 3 1 4096 2
20.00 3 1 4096 2
21.00 0 4 4096 2
22.00 0 1 4096 2
22.10 3 2 512 0
22.60 4 2 1024 1
23.10 4 2 1024 1
24.10 1 3 4096 2
25.10 4 1 4096 2
25.20 2 0 512 0
26.20 0 3 4096 2
26.70 1 3 1024 1
27.20 2 3 1024 1
28.20 1 0 4096 2
28.70 3 2 1024 1
29.70 4 2 4096 2
29.70 0 2 512 0
29.71 1 4 512 0
29.72 1 4 512 0
29.73 0 2 512 0
29.74 3 4 512 0
30.25 4 3 1024 1
30.75 3 1 1024 1
31.75 3 4 4096 2
32.75 0 3 4096 2
33.75 0 1 4096 2
34.25 4 2 1024 1
34.75 0 3 1024 1
35.75 2 4 4096 2
36.75 3 2 4096 2
37.75 0 1 4096 2
38.75 4 2 4096 2
39.75 1 3 4096 2
40.25 1 3 1024 1
40.35 3 0 512 0
41.35 3 0 4096 2
42.35 1 3 4096 2
42.85 1 3 1024 1
43.85 1 4 4096 2
44.35 0 1 1024 1
45.35 0 3 4096 2
46.35 3 1 4096 2
46.85 3 2 1024 1
47.85 0 1 4096 2
48.35 0 3 1024 1
49.35 2 1 4096 2
49.85 2 1 1024 1
50.35 4 2 1024 1
50.45 4 2 512 0
51.45 2 4 4096 2
52.45 1 4 4096 2
52.95 2 0 1024 1
53.95 3 4 4096 2
54.95 0 2 4096 2
55.05 4 1 512 0
56.05 4 1 4096 2
56.55 4 0 1024 1
57.05 4 0 1024 1
57.05 1 3 512 0
57.06 1 2 512 0
57.07 1 3 512 0
57.08 3 0 512 0
57.09 1 0 512 0
58.10 3 4 4096 2
59.10 3 1 4096 2
60.10 1 2 4096 2
60.60 4 2 1024 1
61.60 1 2 4096 2
62.60 0 2 4096 2
62.70 2 3 512 0
62.80 2 4 512 0
63.80 3 0 4096 2
64.80 0 3 4096 2
64.90 1 3 512 0
65.00 0 3 512 0
66.00 4 2 4096 2
67.00 0 4 4096 2
67.50 3 0 1024 1
68.00 1 2 1024 1
68.50 2 0 1024 1
69.50 1 2 4096 2
69.50 4 0 512 0
69.51 1 0 512 0
69.52 1 4 512 0
69.53 3 1 512 0
69.54 1 2 512 0
70.55 1 2 4096 2
71.55 0 4 4096 2
71.65 3 4 512 0
